3 0.940056 0.299943 0.094499 0.076660
3 0.939653 0.228983 0.094499 0.076660
3 0.936732 0.160872 0.099940 0.073810
3 0.936530 0.080365 0.095910 0.090624
3 0.341225 0.467655 0.609913 0.717013
3 0.941668 0.375748 0.094499 0.076660
3 0.942474 0.442719 0.094499 0.076660
3 0.940459 0.522371 0.094499 0.106583
3 0.939956 0.610288 0.087044 0.086919
0 0.886964 0.695070 0.201491 0.040467
1 0.831856 0.783414 0.309692 0.139641
1 0.833367 0.888572 0.312714 0.085494
2 0.510780 0.947706 0.978440 0.077800
3 0.763450 0.207039 0.185372 0.081220