3 0.107495 0.136934 0.163409 0.208321
1 0.220431 0.086064 0.062462 0.106583
3 0.284002 0.085209 0.064679 0.102023
3 0.349285 0.086634 0.065888 0.102023
3 0.410840 0.083785 0.063671 0.104873
3 0.471791 0.085922 0.064679 0.103448
3 0.538082 0.086777 0.067902 0.105158
3 0.218316 0.186520 0.064679 0.106298
3 0.281382 0.189513 0.061455 0.106583
3 0.346162 0.189513 0.065686 0.106583
3 0.409732 0.189513 0.065888 0.106583
3 0.470683 0.192505 0.070925 0.109718
3 0.539190 0.185808 0.072134 0.102023
1 0.916079 0.089627 0.134798 0.108008
3 0.501914 0.584639 0.958694 0.689940
2 0.503123 0.947706 0.958694 0.041892