3 0.427262 0.386720 0.694540 0.707894
0 0.122305 0.761613 0.195043 0.029923
3 0.853617 0.076945 0.088052 0.085494
3 0.944187 0.079225 0.082611 0.090054
3 0.942676 0.157310 0.088052 0.078085
3 0.942575 0.226275 0.092283 0.078085
3 0.942071 0.297521 0.093290 0.076375
3 0.942676 0.366486 0.090066 0.073525
3 0.943683 0.437732 0.088052 0.075235
3 0.940459 0.542605 0.088052 0.159020
3 0.934213 0.712311 0.088052 0.119977
1 0.856740 0.758051 0.079387 0.040467
1 0.506448 0.848532 0.963329 0.153035
2 0.507757 0.947706 0.970381 0.062981