1 0.105682 0.461528 0.179529 0.851810
0 0.123917 0.907951 0.189805 0.031348
2 0.506750 0.948418 0.957485 0.052437
3 0.523675 0.463095 0.656458 0.854944
3 0.871549 0.077800 0.083619 0.078085
3 0.951138 0.086634 0.066694 0.102023
3 0.950131 0.188800 0.064679 0.108008
3 0.949023 0.287689 0.075358 0.105158
3 0.951138 0.385295 0.066694 0.102023
3 0.952247 0.484184 0.068910 0.104873
3 0.946303 0.582360 0.076365 0.103448
3 0.944691 0.715161 0.073141 0.167854
3 0.909833 0.861499 0.096514 0.118552
1 0.963329 0.868196 0.025388 0.101738