3 0.238465 0.171416 0.219424 0.259618
1 0.429881 0.134084 0.167439 0.103448
3 0.267681 0.565973 0.462422 0.526646
3 0.707234 0.218011 0.374370 0.259333
3 0.730506 0.451268 0.446303 0.236820
3 0.750151 0.689798 0.451743 0.255058
1 0.440459 0.881733 0.142253 0.116842
1 0.534858 0.878740 0.067902 0.105158
3 0.596816 0.877173 0.060447 0.104873
3 0.657264 0.876461 0.060447 0.103448
3 0.714588 0.876461 0.062664 0.103448
3 0.774028 0.873468 0.064679 0.109433
3 0.833871 0.875748 0.067902 0.104873
3 0.893915 0.872613 0.073141 0.104873
3 0.951138 0.874181 0.064679 0.110858
2 0.507254 0.947706 0.960911 0.062981