1 0.108201 0.459390 0.172476 0.847535
0 0.123917 0.910231 0.191819 0.035908
2 0.506246 0.947706 0.960911 0.048162
3 0.510478 0.477486 0.621600 0.886577
3 0.862079 0.075378 0.081604 0.079510
3 0.941568 0.080650 0.083820 0.092904
3 0.942575 0.157310 0.085835 0.078085
3 0.940963 0.225420 0.095507 0.073525
3 0.943683 0.297521 0.088052 0.073525
3 0.942172 0.365774 0.089059 0.074950
3 0.943683 0.434739 0.090066 0.074950
3 0.944288 0.543460 0.084828 0.160730
3 0.939452 0.717583 0.090066 0.142491
1 0.859460 0.760188 0.084828 0.051012