0 0.140323 0.058849 0.116129 0.025363
0 0.336290 0.169849 0.490323 0.215446
3 0.769758 0.187945 0.362903 0.200912
0 0.509879 0.306783 0.802016 0.055571
0 0.161694 0.347962 0.181452 0.020519
1 0.519960 0.473782 0.848790 0.243659
4 0.287097 0.422343 0.172581 0.064976
4 0.468548 0.423055 0.163710 0.088629
4 0.653226 0.421630 0.152419 0.082360
4 0.843750 0.423197 0.143145 0.085494
0 0.259073 0.606868 0.353629 0.025363
0 0.248992 0.623397 0.284274 0.023653
0 0.315121 0.682673 0.349597 0.104588
4 0.707258 0.687518 0.403226 0.133086
4 0.660081 0.692220 0.129839 0.075805
4 0.804435 0.690795 0.118548 0.085494