0 0.150272 0.066277 0.235638 0.070410
0 0.147349 0.259692 0.236646 0.325542
0 0.147652 0.475057 0.238863 0.108039
1 0.388934 0.438997 0.244104 0.104903
1 0.627696 0.784920 0.239871 0.277366
1 0.865249 0.341505 0.240073 0.180160
1 0.387926 0.124715 0.229188 0.106328
0 0.305180 0.044470 0.074179 0.023945
1 0.386918 0.229761 0.237654 0.109464
1 0.386313 0.332526 0.232413 0.105188
1 0.385305 0.561288 0.240879 0.133409
0 0.384701 0.862172 0.244104 0.120011
0 0.626083 0.514111 0.240677 0.257982
0 0.623967 0.880844 0.240879 0.073546
0 0.862629 0.202109 0.240879 0.102052
0 0.865350 0.442845 0.248337 0.037343
1 0.857388 0.490165 0.234429 0.062999
0 0.866458 0.667902 0.246120 0.313569
1 0.790466 0.853905 0.090103 0.061288
1 0.908789 0.863597 0.146543 0.084094
0 0.851542 0.911631 0.197339 0.021095
2 0.506249 0.940992 0.960089 0.037628
1 0.147551 0.630559 0.241887 0.204105
0 0.385608 0.712942 0.243096 0.185291
0 0.625277 0.187144 0.243096 0.296180
1 0.624672 0.358894 0.241887 0.066705