3 0.444187 0.412938 0.766673 0.652608
3 0.862482 0.078512 0.084828 0.076660
1 0.855732 0.754203 0.077373 0.041892
3 0.935724 0.711456 0.089059 0.127387
0 0.127141 0.760188 0.198267 0.036193
3 0.942676 0.079225 0.081604 0.090054
3 0.943180 0.154887 0.082611 0.079510
3 0.941064 0.223995 0.086843 0.082645
3 0.942575 0.296666 0.085835 0.080935
3 0.943180 0.368766 0.091074 0.078085
3 0.945799 0.436877 0.090268 0.073525
3 0.943683 0.543460 0.083619 0.148760
1 0.504937 0.850812 0.962321 0.151895
2 0.509168 0.943859 0.981664 0.052437