1 0.106690 0.465090 0.171469 0.861784
0 0.127141 0.908663 0.196252 0.029923
2 0.503526 0.948418 0.963933 0.043317
3 0.548156 0.500000 0.724360 0.817612
3 0.862583 0.073240 0.097522 0.063266
3 0.953758 0.085922 0.065888 0.100598
3 0.950635 0.185808 0.072134 0.113993
3 0.949526 0.288401 0.069917 0.106583
3 0.951642 0.385295 0.070119 0.104873
3 0.951642 0.485751 0.072134 0.105158
3 0.951138 0.584782 0.073141 0.104873
3 0.952146 0.717441 0.077574 0.196352
3 0.900665 0.865204 0.105984 0.125962
1 0.969172 0.856939 0.022164 0.106583