0 0.485487 0.066990 0.148559 0.023945
0 0.420278 0.095496 0.368071 0.023945
1 0.234126 0.132982 0.358597 0.065849
1 0.233521 0.285348 0.359806 0.235462
1 0.228785 0.517104 0.364846 0.230901
1 0.232413 0.775086 0.357589 0.270239
3 0.492844 0.152366 0.150776 0.093216
0 0.496674 0.356613 0.158033 0.320981
3 0.495565 0.579247 0.164281 0.130559
0 0.491937 0.769099 0.165491 0.254846
1 0.657831 0.140536 0.162266 0.068985
1 0.661157 0.225342 0.164483 0.100627
1 0.658940 0.312286 0.166499 0.076682
1 0.658436 0.375998 0.165491 0.054162
1 0.658335 0.436003 0.161258 0.074971
1 0.661661 0.553164 0.163475 0.074971
1 0.661560 0.627423 0.161258 0.073546
1 0.656823 0.694840 0.160250 0.067560
3 0.661056 0.817132 0.168716 0.177024
3 0.840355 0.187001 0.206813 0.218928
3 0.840355 0.438997 0.206813 0.294185
3 0.845193 0.707668 0.199557 0.243158
0 0.847208 0.868871 0.201572 0.088369
2 0.506249 0.943843 0.958073 0.040479