0 0.105380 0.045455 0.149506 0.022514
1 0.126033 0.084497 0.175902 0.043602
3 0.248539 0.260758 0.412452 0.258193
0 0.279267 0.456540 0.312714 0.118552
0 0.580395 0.043175 0.151723 0.027073
1 0.608503 0.092049 0.195043 0.052437
3 0.719323 0.265175 0.393310 0.267028
0 0.757506 0.460958 0.316945 0.115417
1 0.132279 0.616985 0.156962 0.118552
3 0.129156 0.784981 0.154745 0.214591
0 0.267580 0.760331 0.109208 0.056996
1 0.431392 0.587774 0.211969 0.053861
3 0.406004 0.732402 0.161193 0.184668
0 0.566089 0.669421 0.175902 0.073525
3 0.550675 0.738529 0.141044 0.067541
0 0.545537 0.810345 0.121902 0.079510
0 0.734737 0.540467 0.150514 0.022514
1 0.770300 0.584782 0.215192 0.068966
3 0.734737 0.734682 0.150514 0.204047
0 0.891094 0.670989 0.179126 0.079510
3 0.878501 0.733257 0.132581 0.068966
0 0.855128 0.787119 0.094298 0.035908
2 0.509369 0.943859 0.965948 0.052437
0 0.106589 0.539755 0.147088 0.019949
0 0.402277 0.540467 0.152126 0.021374