0 0.150403 0.034483 0.226613 0.030208
1 0.495363 0.117555 0.871371 0.135936
0 0.431452 0.190368 0.734677 0.022229
3 0.252218 0.305928 0.416532 0.212311
0 0.228831 0.420775 0.324597 0.027073
4 0.700403 0.300513 0.443548 0.210601
0 0.695766 0.416073 0.389919 0.020519
0 0.145968 0.471359 0.158871 0.030208
0 0.491935 0.526788 0.806452 0.093189
3 0.258065 0.644771 0.351613 0.164434
3 0.700403 0.647050 0.475000 0.194642
0 0.132460 0.735822 0.122984 0.026788
0 0.251210 0.750071 0.337903 0.023938
4 0.244355 0.834711 0.181452 0.164719
4 0.523387 0.837988 0.228226 0.123397
0 0.238911 0.935309 0.139113 0.042747
0 0.521169 0.940011 0.174597 0.020804
4 0.773185 0.844258 0.127823 0.164434
0 0.765323 0.940724 0.112097 0.028498