3 0.434717 0.406241 0.603466 0.737817
0 0.124521 0.759476 0.193028 0.031348
1 0.505440 0.849530 0.959299 0.169279
3 0.861979 0.073240 0.077373 0.075235
3 0.944187 0.078512 0.080596 0.091479
3 0.943683 0.154887 0.088052 0.079510
3 0.942071 0.227700 0.086843 0.071815
3 0.939956 0.295953 0.093492 0.076660
3 0.941568 0.365631 0.092283 0.080935
3 0.940963 0.436164 0.089059 0.074950
3 0.942575 0.545597 0.098731 0.153035
3 0.937236 0.708464 0.088052 0.124252
1 0.858856 0.753491 0.073141 0.040467
2 0.506750 0.949131 0.970381 0.053861