0 0.085804 0.097340 0.072976 0.023781
0 0.268529 0.111447 0.155074 0.022168
0 0.411488 0.107013 0.073831 0.034260
0 0.198261 0.137646 0.238597 0.023781
1 0.109607 0.269649 0.130844 0.243450
1 0.319698 0.245667 0.272235 0.186618
1 0.319698 0.367392 0.272235 0.056832
0 0.142959 0.407094 0.182725 0.019347
0 0.198831 0.455663 0.288198 0.023781
1 0.282782 0.630996 0.468643 0.335752
0 0.272235 0.809351 0.435006 0.026602
0 0.681870 0.148730 0.302166 0.022572
1 0.744156 0.324063 0.430730 0.331318
0 0.678164 0.504031 0.290194 0.034260
1 0.744584 0.655582 0.433865 0.277711
1 0.744726 0.830310 0.431870 0.026602
0 0.588940 0.853486 0.105473 0.013301
2 0.508694 0.945990 0.971209 0.052398