1 0.102156 0.463665 0.182551 0.861784
0 0.122910 0.910231 0.189805 0.035908
3 0.507858 0.466230 0.541809 0.854944
3 0.859863 0.073953 0.088052 0.082360
3 0.945295 0.082217 0.084828 0.089769
3 0.943180 0.158022 0.089059 0.076660
3 0.945295 0.225420 0.086843 0.073525
3 0.940963 0.297521 0.089059 0.076375
3 0.943079 0.365631 0.084828 0.078085
3 0.943683 0.437732 0.094499 0.078085
3 0.945295 0.548019 0.091275 0.154460
1 0.855128 0.751211 0.087044 0.047877
3 0.936228 0.717441 0.075156 0.130237
2 0.502519 0.949131 0.963933 0.051012