0 0.092788 0.110036 0.065279 0.022572
0 0.267959 0.117493 0.156214 0.031036
0 0.419612 0.119710 0.085519 0.035470
0 0.198831 0.147320 0.243729 0.016526
1 0.112315 0.285369 0.133979 0.238613
1 0.318558 0.283958 0.274515 0.239017
0 0.151796 0.413946 0.202680 0.029827
0 0.198831 0.463724 0.290479 0.025393
1 0.277509 0.641274 0.470639 0.332930
0 0.273803 0.819025 0.442132 0.031439
0 0.675029 0.160621 0.290194 0.016526
1 0.744156 0.332527 0.433010 0.332930
0 0.678734 0.510681 0.299886 0.038694
1 0.746152 0.674325 0.430730 0.278920
1 0.746152 0.843813 0.430730 0.032648
0 0.581670 0.862958 0.118301 0.020959
2 0.506556 0.944377 0.960661 0.049174