3 0.426657 0.400256 0.600242 0.552009
3 0.862583 0.076233 0.080596 0.074950
3 0.942071 0.078370 0.076365 0.085494
3 0.943180 0.156455 0.082611 0.076375
3 0.942575 0.229268 0.085835 0.072100
3 0.941568 0.294528 0.079387 0.067541
3 0.943079 0.364206 0.084828 0.080935
3 0.943180 0.432459 0.087044 0.076660
3 0.944288 0.538900 0.076365 0.154460
0 0.123313 0.762468 0.193028 0.031633
1 0.855128 0.751211 0.076164 0.038757
3 0.934717 0.709176 0.089059 0.134796
1 0.505742 0.850812 0.953456 0.151895
2 0.504634 0.948418 0.959702 0.052437