3 0.408725 0.328869 0.754987 0.586492
3 0.350393 0.766173 0.653234 0.324024
1 0.832863 0.782702 0.303244 0.138216
1 0.830244 0.889142 0.300020 0.080935
0 0.883236 0.695782 0.196051 0.029923
3 0.943683 0.078370 0.088052 0.085494
3 0.943180 0.153605 0.080596 0.082645
3 0.942575 0.226988 0.085835 0.076660
3 0.942071 0.297521 0.093290 0.073525
3 0.944791 0.367911 0.085835 0.073525
3 0.943180 0.436307 0.080596 0.068966
3 0.943683 0.523226 0.083619 0.104873
3 0.940459 0.613993 0.094499 0.076660
2 0.506951 0.948418 0.986097 0.046167