3 0.395426 0.407808 0.628854 0.740952
0 0.123413 0.760901 0.190812 0.031348
3 0.861475 0.073953 0.082813 0.079510
3 0.943683 0.079937 0.083619 0.094329
3 0.939956 0.156597 0.091074 0.079510
3 0.940560 0.229268 0.092283 0.077800
3 0.940560 0.296096 0.085835 0.073525
3 0.942071 0.366486 0.086843 0.076375
3 0.942676 0.436164 0.090066 0.074950
3 0.942676 0.544172 0.090066 0.150185
3 0.935221 0.704047 0.094499 0.136506
1 0.856740 0.755058 0.079387 0.034483
1 0.266573 0.852522 0.485593 0.157595
1 0.587346 0.847820 0.170864 0.154460
1 0.821781 0.850955 0.321378 0.166429
2 0.505742 0.946139 0.961918 0.059846