0 0.157056 0.103478 0.188306 0.024515
4 0.268548 0.212229 0.422581 0.187286
0 0.315524 0.316705 0.316532 0.021665
4 0.264516 0.420468 0.433871 0.191562
0 0.319355 0.525656 0.328226 0.021665
0 0.272379 0.582668 0.414919 0.100342
0 0.192742 0.647948 0.266935 0.024515
4 0.272177 0.749572 0.418548 0.165621
0 0.325202 0.842075 0.328629 0.021665
0 0.265524 0.884692 0.431855 0.077252
0 0.591129 0.110319 0.130645 0.021665
1 0.730242 0.362030 0.424194 0.484607
0 0.736089 0.615308 0.409274 0.032782
0 0.570968 0.648518 0.079032 0.020525
3 0.734073 0.798603 0.424597 0.279647