3 0.329136 0.391137 0.528108 0.642063
3 0.862079 0.074665 0.088052 0.080935
0 0.128148 0.761613 0.202700 0.039042
3 0.943683 0.079937 0.081604 0.094329
3 0.945295 0.155030 0.082813 0.076375
3 0.947411 0.228413 0.082611 0.079510
3 0.943180 0.296666 0.087044 0.078085
3 0.938948 0.367911 0.095507 0.076375
3 0.937336 0.435452 0.100746 0.076375
3 0.943180 0.541180 0.091074 0.149900
1 0.857244 0.756341 0.078380 0.040467
3 0.939956 0.711456 0.099537 0.130237
1 0.508866 0.850100 0.972597 0.153320
2 0.504030 0.944001 0.971388 0.055571