1 0.199053 0.197548 0.311832 0.183010
1 0.197541 0.336231 0.310824 0.103478
1 0.197944 0.426596 0.312034 0.079532
1 0.196936 0.664909 0.309615 0.421608
1 0.507761 0.166049 0.312034 0.117161
1 0.507257 0.267246 0.308607 0.091505
1 0.504031 0.353620 0.313042 0.086944
1 0.505644 0.508124 0.316267 0.231186
1 0.504535 0.748147 0.314050 0.257982
0 0.501411 0.090935 0.259020 0.035918
0 0.707216 0.103050 0.101794 0.017959
0 0.951220 0.107469 0.040314 0.018244
1 0.815965 0.129989 0.312840 0.050741
0 0.679601 0.153221 0.038097 0.013398
1 0.823927 0.181727 0.275952 0.049316
2 0.504031 0.947691 0.960089 0.051026
1 0.392864 0.621437 0.309212 0.677309
1 0.819492 0.548461 0.317476 0.675599