0 0.458468 0.032773 0.170161 0.026788
0 0.146976 0.073240 0.165726 0.034768
0 0.126815 0.108863 0.116532 0.020519
0 0.340726 0.142063 0.472581 0.055571
0 0.140323 0.171416 0.147581 0.019094
0 0.353226 0.197492 0.515323 0.058706
3 0.550403 0.335138 0.725806 0.242234
0 0.143750 0.479339 0.163306 0.026788
0 0.130242 0.508549 0.118548 0.025363
0 0.422581 0.529923 0.627419 0.023653
0 0.160484 0.558564 0.175000 0.014249
0 0.442742 0.575093 0.676613 0.022229
0 0.148185 0.606013 0.177016 0.027073
0 0.245565 0.683528 0.362903 0.115417
3 0.676815 0.762753 0.490726 0.286406