1 0.106085 0.463665 0.170260 0.861784
0 0.120693 0.907951 0.189805 0.028498
3 0.543321 0.480479 0.712674 0.769450
3 0.858856 0.071815 0.075156 0.068966
3 0.944187 0.079225 0.080596 0.087204
3 0.940459 0.156455 0.090066 0.082645
3 0.944187 0.227700 0.080596 0.071815
3 0.944288 0.298946 0.084828 0.073525
3 0.942071 0.365774 0.086843 0.072100
3 0.942071 0.437019 0.086843 0.076660
3 0.944691 0.545740 0.081604 0.147050
1 0.856740 0.754916 0.070925 0.028498
3 0.934112 0.717441 0.090268 0.157595
2 0.504030 0.945426 0.962926 0.049302