0 0.124421 0.907808 0.190812 0.034483
3 0.507354 0.463950 0.604473 0.856654
2 0.505642 0.943859 0.957687 0.037618
1 0.855128 0.757196 0.076164 0.038757
3 0.937840 0.713024 0.082813 0.133371
3 0.865202 0.073953 0.077373 0.067541
3 0.944187 0.080080 0.080596 0.085494
3 0.943683 0.157167 0.086037 0.072100
3 0.941568 0.226275 0.085835 0.071815
3 0.942575 0.296808 0.085835 0.072100
3 0.944288 0.367911 0.084828 0.073525
3 0.941568 0.433172 0.092283 0.078085
3 0.946303 0.543460 0.084828 0.145341
1 0.109611 0.462097 0.167238 0.859219