3 0.421418 0.408948 0.638525 0.740952
0 0.120189 0.760188 0.190812 0.036193
3 0.858352 0.067256 0.089059 0.071815
3 0.942071 0.079225 0.084828 0.095754
3 0.939351 0.158022 0.092283 0.076660
3 0.941568 0.228555 0.087850 0.076375
3 0.945799 0.300513 0.092283 0.079510
3 0.939452 0.367199 0.090066 0.072100
3 0.941064 0.434739 0.086843 0.074950
3 0.943180 0.541322 0.089059 0.153035
3 0.934112 0.703904 0.085835 0.130522
1 0.855128 0.751211 0.074149 0.045027
1 0.505944 0.850955 0.964336 0.163579
2 0.506246 0.944714 0.964941 0.045027