1 0.105178 0.461528 0.168447 0.863209
0 0.124521 0.913081 0.186581 0.033058
2 0.503022 0.946281 0.960911 0.051012
3 0.504131 0.467797 0.623413 0.782844
1 0.854624 0.759476 0.075156 0.037618
3 0.937336 0.713736 0.090268 0.129097
3 0.859359 0.073953 0.078582 0.058421
3 0.941568 0.079937 0.081805 0.091479
3 0.943079 0.158877 0.084828 0.074950
3 0.941064 0.227985 0.086843 0.076375
3 0.942676 0.296808 0.090066 0.074950
3 0.939452 0.365774 0.096514 0.074950
3 0.944187 0.435452 0.087044 0.073525
3 0.942172 0.543460 0.089059 0.151610