3 0.106733 0.172035 0.157025 0.281927
3 0.104112 0.447263 0.162266 0.280502
3 0.106229 0.645382 0.164483 0.115735
3 0.107740 0.776653 0.157025 0.146807
0 0.105221 0.887543 0.164483 0.074971
0 0.254787 0.071551 0.143116 0.068985
1 0.262749 0.186288 0.157025 0.172463
3 0.265874 0.330245 0.146341 0.100627
3 0.267990 0.424031 0.150574 0.089795
3 0.268494 0.535918 0.147551 0.130559
3 0.266479 0.668615 0.147551 0.129133
3 0.259524 0.809721 0.138077 0.129133
3 0.423403 0.143529 0.160250 0.224914
3 0.427132 0.339937 0.159242 0.198119
3 0.429248 0.546323 0.165491 0.238597
3 0.428240 0.716648 0.165491 0.099202
3 0.399516 0.813426 0.095545 0.103478
3 0.580427 0.129276 0.162266 0.184436
3 0.587886 0.525371 0.153800 0.199544
3 0.583652 0.736032 0.162266 0.194983
0 0.587382 0.872577 0.159242 0.078107
3 0.742794 0.114880 0.160048 0.159065
3 0.744406 0.225200 0.167708 0.073546
3 0.743802 0.318273 0.158033 0.115450
3 0.744406 0.415051 0.159242 0.087229
3 0.746019 0.496864 0.156017 0.073546
3 0.742794 0.575542 0.160048 0.092930
3 0.744910 0.661203 0.160250 0.084094
3 0.744406 0.735462 0.159242 0.073546
3 0.746019 0.811146 0.156017 0.086944
3 0.742794 0.888398 0.166499 0.079532
0 0.902943 0.086517 0.166700 0.074971
3 0.903447 0.149515 0.169724 0.062999
3 0.900323 0.241733 0.171941 0.127708
3 0.901935 0.349059 0.160250 0.093216
3 0.904656 0.465222 0.161258 0.154504
3 0.901834 0.595068 0.158033 0.110889
3 0.904656 0.684436 0.161258 0.073546
3 0.898206 0.770667 0.152792 0.098917
3 0.901935 0.868158 0.147349 0.105188
2 0.503628 0.947691 0.963314 0.048176
3 0.587180 0.320981 0.162467 0.205815