2 0.505644 0.946123 0.961298 0.045040
0 0.145434 0.066277 0.234429 0.058438
1 0.123765 0.117161 0.167708 0.052452
0 0.148156 0.153221 0.233421 0.037343
1 0.151885 0.192987 0.232413 0.042189
0 0.149768 0.227480 0.228180 0.030217
1 0.151280 0.264253 0.237654 0.040479
0 0.156118 0.299458 0.232413 0.039054
1 0.114695 0.337799 0.149567 0.043330
0 0.146543 0.421750 0.232211 0.133694
1 0.148156 0.535918 0.226970 0.097491
3 0.149264 0.640821 0.173957 0.109464
0 0.149667 0.803592 0.242895 0.225200
0 0.385305 0.069270 0.234429 0.040479
1 0.387825 0.324259 0.233421 0.469498
0 0.386313 0.666334 0.242895 0.223774
0 0.387926 0.848632 0.237654 0.147092
0 0.622959 0.072976 0.240879 0.071836
1 0.624572 0.160063 0.237654 0.110889
0 0.623463 0.226767 0.235436 0.025371
1 0.622858 0.270239 0.236646 0.064424
0 0.624975 0.318985 0.234429 0.047891
1 0.626587 0.369299 0.235638 0.058438
0 0.620238 0.442702 0.254787 0.097491
1 0.626083 0.521665 0.236646 0.078107
0 0.623967 0.598917 0.242895 0.085519
1 0.626083 0.665479 0.232211 0.051026
0 0.628200 0.756271 0.236444 0.130559
0 0.864241 0.131414 0.235638 0.171038
0 0.862125 0.320553 0.239871 0.200969
0 0.857388 0.580103 0.240879 0.258267