0 0.415726 0.062126 0.685484 0.022229
0 0.287097 0.139783 0.454839 0.151895
4 0.711492 0.153178 0.376210 0.182103
0 0.132460 0.257623 0.131855 0.023938
0 0.298387 0.332858 0.454839 0.129952
4 0.718347 0.347107 0.376210 0.196067
0 0.132460 0.460388 0.131855 0.017384
0 0.337500 0.482474 0.497581 0.046167
3 0.489718 0.562411 0.824597 0.129667
0 0.117944 0.645483 0.098790 0.026788
0 0.308468 0.693075 0.452419 0.080935
4 0.711694 0.680251 0.354032 0.099744
0 0.127016 0.753206 0.112097 0.023938
0 0.293750 0.813337 0.441532 0.109433
3 0.719355 0.850527 0.374194 0.208891