3 0.087346 0.138501 0.125126 0.217726
3 0.081503 0.346252 0.111425 0.218866
3 0.298912 0.158735 0.208946 0.266743
1 0.489220 0.101026 0.161193 0.112568
3 0.623413 0.161727 0.109208 0.255058
3 0.798408 0.166999 0.225871 0.256483
3 0.310598 0.537333 0.429377 0.592476
1 0.435624 0.874181 0.149506 0.110858
1 0.535362 0.877173 0.060447 0.099174
3 0.595305 0.874893 0.063470 0.100313
3 0.655249 0.875748 0.058432 0.104873
3 0.767681 0.558421 0.431594 0.538330
3 0.715595 0.872613 0.064679 0.104873
3 0.774532 0.871901 0.057223 0.100598
3 0.832863 0.877315 0.063470 0.108008
3 0.892807 0.875748 0.062462 0.113993
3 0.953254 0.874181 0.060447 0.105158
2 0.503022 0.946993 0.962926 0.052437