3 0.228894 0.208179 0.391296 0.326874
3 0.638827 0.206754 0.415676 0.317754
1 0.917691 0.235965 0.114648 0.355657
3 0.221539 0.526931 0.387064 0.322599
3 0.596413 0.533770 0.362684 0.332858
3 0.820673 0.526931 0.113641 0.241664
3 0.927262 0.537475 0.101954 0.235395
3 0.088958 0.833001 0.098529 0.142491
3 0.184364 0.804503 0.081805 0.211456
3 0.287225 0.803648 0.123917 0.213166
3 0.425045 0.807495 0.151723 0.226560
3 0.639331 0.808207 0.283296 0.206897
3 0.864598 0.745227 0.152730 0.197777
2 0.509974 0.948418 0.972396 0.043317