3 0.469071 0.369478 0.638324 0.631234
3 0.861475 0.069535 0.082813 0.061556
0 0.125025 0.761043 0.194036 0.034483
3 0.940459 0.076233 0.088052 0.093189
3 0.943683 0.155030 0.083619 0.076375
3 0.942575 0.225420 0.085835 0.073525
3 0.941568 0.295953 0.090268 0.079510
3 0.942575 0.366486 0.085835 0.070675
3 0.942575 0.436877 0.085835 0.073525
3 0.942071 0.538188 0.084828 0.153035
1 0.504231 0.852237 0.958493 0.149045
1 0.859359 0.754916 0.074149 0.037618
3 0.931997 0.710744 0.098529 0.128812
2 0.503526 0.948418 0.963933 0.052437