0 0.127016 0.043887 0.210484 0.026788
0 0.166129 0.077230 0.195161 0.020519
0 0.399194 0.130094 0.616129 0.088629
4 0.842540 0.146765 0.208468 0.178968
0 0.202016 0.187945 0.253226 0.023653
0 0.415726 0.284554 0.654032 0.172414
0 0.842540 0.298803 0.199597 0.118837
4 0.490927 0.485608 0.647177 0.248504
0 0.217742 0.625819 0.293548 0.022229
0 0.510081 0.656597 0.837903 0.049017
3 0.557056 0.728698 0.622984 0.095184
0 0.078629 0.788829 0.132258 0.025078
0 0.104435 0.822172 0.143548 0.022229
0 0.284879 0.894129 0.427823 0.125107
3 0.738306 0.887005 0.492742 0.164434