1 0.107999 0.120405 0.134596 0.157595
3 0.110216 0.277144 0.132581 0.165004
1 0.108503 0.400969 0.131574 0.076375
3 0.111223 0.530636 0.130566 0.180108
1 0.105380 0.767598 0.146282 0.312055
1 0.737356 0.740667 0.180334 0.111143
0 0.849889 0.670846 0.209954 0.061556
1 0.897038 0.754203 0.149506 0.105158
2 0.507254 0.941579 0.964941 0.056996
1 0.309490 0.342405 0.263953 0.559419
1 0.572537 0.347107 0.268185 0.577372
1 0.832863 0.352950 0.269394 0.583357
0 0.460206 0.048162 0.249849 0.028498
1 0.388172 0.774865 0.426154 0.282132