0 0.095353 0.111447 0.077252 0.016526
0 0.276511 0.126562 0.149943 0.019347
0 0.423318 0.119710 0.078107 0.035470
0 0.199971 0.147320 0.231186 0.016526
1 0.120724 0.286981 0.127993 0.241838
1 0.323546 0.256953 0.271380 0.185006
1 0.327109 0.374043 0.276796 0.070133
0 0.149800 0.415961 0.179304 0.019347
0 0.208381 0.466949 0.305017 0.025393
1 0.289054 0.642080 0.462372 0.334543
0 0.273803 0.816808 0.425599 0.035873
0 0.679732 0.160822 0.283067 0.022572
1 0.748432 0.336155 0.433010 0.331318
0 0.681300 0.514510 0.311288 0.043128
1 0.750998 0.671302 0.425599 0.288190
1 0.754704 0.839984 0.426739 0.022572
0 0.594213 0.863966 0.101197 0.025393
2 0.500713 0.946594 0.957526 0.053607