3 0.107999 0.133229 0.162402 0.195212
1 0.220431 0.086634 0.060447 0.102023
3 0.284102 0.083072 0.066895 0.103448
3 0.347169 0.084497 0.065686 0.106298
3 0.410840 0.085352 0.065686 0.108008
3 0.473907 0.088914 0.062462 0.106583
3 0.535362 0.086777 0.068910 0.108008
3 0.601652 0.086777 0.061656 0.108008
3 0.664215 0.088202 0.061455 0.108008
3 0.726879 0.085209 0.067902 0.102023
3 0.797401 0.088914 0.073141 0.109433
1 0.913460 0.087489 0.135603 0.106583
3 0.504131 0.545740 0.967157 0.767740
2 0.506246 0.949986 0.971388 0.079510