0 0.520968 0.062838 0.140323 0.027073
0 0.301210 0.092049 0.333871 0.025648
0 0.347379 0.138928 0.280242 0.062411
0 0.472177 0.186948 0.660484 0.020519
0 0.281048 0.217583 0.282258 0.027073
0 0.271371 0.248789 0.136290 0.046167
0 0.316532 0.284696 0.364516 0.028498
0 0.523790 0.415076 0.729839 0.240239
0 0.286694 0.543175 0.293548 0.038188
0 0.521774 0.642918 0.725806 0.177828
0 0.256855 0.740667 0.241935 0.028498
0 0.438508 0.776717 0.562500 0.037903
0 0.211895 0.808492 0.152016 0.017669
0 0.481653 0.848675 0.576210 0.056996