0 0.085376 0.090689 0.073831 0.019347
0 0.269527 0.100967 0.146807 0.025393
0 0.415336 0.101773 0.072976 0.035873
0 0.191562 0.127166 0.235462 0.020556
1 0.106471 0.266022 0.130844 0.238613
1 0.320268 0.267634 0.284208 0.250705
0 0.148233 0.403265 0.199544 0.032648
0 0.196836 0.457880 0.309293 0.031439
1 0.280644 0.652559 0.468928 0.361145
0 0.265821 0.843813 0.439282 0.032648
0 0.679304 0.142684 0.286203 0.019347
1 0.746294 0.313785 0.437286 0.334139
0 0.681870 0.497985 0.299886 0.034260
1 0.753706 0.654776 0.432725 0.288190
1 0.746722 0.830310 0.431870 0.033051
0 0.584664 0.851068 0.128848 0.023781
2 0.503991 0.945990 0.957811 0.058041