0 0.280689 0.052737 0.447692 0.046750
1 0.158738 0.146522 0.186857 0.137970
1 0.389942 0.145810 0.229188 0.124572
3 0.131123 0.284493 0.140093 0.140821
3 0.239367 0.255986 0.084862 0.071836
3 0.358799 0.283780 0.164483 0.115450
3 0.469059 0.266534 0.058456 0.078107
3 0.233018 0.320553 0.067728 0.065849
0 0.473292 0.327965 0.068938 0.039054
3 0.101996 0.376710 0.049990 0.046465
1 0.165188 0.378991 0.084862 0.051026
1 0.278170 0.376140 0.132635 0.051026
3 0.421891 0.378278 0.159242 0.058723
0 0.152389 0.425599 0.180206 0.045040
1 0.124269 0.503563 0.117920 0.122862
0 0.236646 0.508837 0.109252 0.124287
0 0.374118 0.424886 0.176174 0.046465
1 0.394275 0.463797 0.216489 0.052452
1 0.397400 0.535063 0.214271 0.090080
1 0.217597 0.703820 0.304576 0.280502
1 0.438319 0.694128 0.136868 0.218928
1 0.195324 0.874145 0.253578 0.060148
3 0.413324 0.873290 0.180407 0.067560
3 0.607035 0.108181 0.209030 0.157640
3 0.829268 0.111887 0.218504 0.153079
3 0.719915 0.245154 0.426325 0.114025
0 0.626083 0.312286 0.255594 0.025371
3 0.575690 0.421750 0.135860 0.193558
3 0.697138 0.418044 0.126386 0.200969
3 0.867466 0.354333 0.159041 0.118586
3 0.846704 0.479475 0.202580 0.135120
3 0.569341 0.587514 0.127192 0.137970
3 0.688168 0.589795 0.112477 0.142531
3 0.623362 0.688141 0.237654 0.054162
3 0.546462 0.812714 0.077404 0.204105
3 0.663173 0.820125 0.158033 0.204105
1 0.841967 0.693273 0.210038 0.289624
2 0.505140 0.942417 0.960290 0.037628