3 0.148233 0.126965 0.121437 0.161225
3 0.268957 0.136034 0.118301 0.143087
3 0.386260 0.134623 0.120296 0.143491
3 0.566277 0.130189 0.242018 0.149133
3 0.803307 0.203345 0.242873 0.289802
3 0.146665 0.277912 0.124572 0.149536
3 0.267531 0.276501 0.125713 0.143491
3 0.385690 0.278718 0.125428 0.147924
3 0.502851 0.272874 0.121437 0.150746
3 0.148233 0.418178 0.119156 0.146312
3 0.268529 0.413744 0.123717 0.151955
3 0.389396 0.413744 0.122577 0.155179
3 0.508552 0.413140 0.120296 0.150746
3 0.684578 0.418984 0.237457 0.141475
3 0.865023 0.415155 0.117161 0.140266
3 0.148233 0.556429 0.121437 0.147924
3 0.266961 0.555018 0.122292 0.150746
3 0.387828 0.557840 0.119441 0.145103
3 0.507127 0.558646 0.119156 0.149133
3 0.626710 0.559250 0.124572 0.153567
3 0.742018 0.557840 0.122577 0.147521
3 0.862315 0.564490 0.120296 0.158404
3 0.147520 0.701129 0.124572 0.153567
2 0.505559 0.942160 0.958666 0.044740