2 0.504031 0.949829 0.966539 0.052452
3 0.109353 0.178022 0.162266 0.281927
3 0.108849 0.393244 0.163274 0.160490
3 0.105120 0.532070 0.162266 0.120011
3 0.105221 0.777366 0.164483 0.145382
0 0.109353 0.887543 0.160250 0.074971
0 0.255896 0.084949 0.145334 0.066135
3 0.264261 0.197548 0.158033 0.159065
3 0.263253 0.330245 0.141101 0.103478
3 0.265874 0.424743 0.154807 0.088369
3 0.270107 0.535918 0.150776 0.142531
3 0.269603 0.676881 0.155815 0.139396
3 0.254787 0.806727 0.143116 0.114025
3 0.423906 0.146522 0.161258 0.213227
3 0.424007 0.300314 0.159041 0.103478
3 0.422899 0.399230 0.169724 0.088655
3 0.425620 0.481756 0.162266 0.082668
3 0.421790 0.608466 0.171941 0.165051
3 0.422899 0.725627 0.159242 0.081243
3 0.419170 0.814994 0.145334 0.097491
3 0.577303 0.136688 0.141101 0.169612
3 0.582544 0.324971 0.158033 0.192132
3 0.584761 0.523090 0.158033 0.209806
3 0.582544 0.731613 0.164483 0.186146
0 0.586273 0.875000 0.159041 0.079532
0 0.742189 0.115023 0.154807 0.162201
3 0.744910 0.226055 0.162266 0.068985
3 0.741181 0.318985 0.154807 0.116876
3 0.736343 0.415906 0.149567 0.085519
3 0.743902 0.544042 0.162266 0.174173
3 0.745918 0.666334 0.160250 0.088655
3 0.740173 0.739168 0.167708 0.068985
3 0.744406 0.814139 0.159242 0.083808
3 0.741685 0.884692 0.166700 0.074971
3 0.903548 0.425599 0.165491 0.240023
3 0.904052 0.792332 0.158033 0.271665
3 0.108446 0.653079 0.173352 0.122577
3 0.905160 0.176311 0.172344 0.275086
3 0.906168 0.601055 0.170329 0.132554