3 0.384243 0.406954 0.604473 0.733542
0 0.122809 0.761755 0.192021 0.033058
3 0.859964 0.073240 0.083820 0.092904
3 0.941064 0.076945 0.084828 0.094614
3 0.942575 0.157167 0.085835 0.084070
3 0.942575 0.229268 0.085835 0.072100
3 0.944187 0.296666 0.089059 0.080935
3 0.941568 0.364206 0.087850 0.078085
3 0.939956 0.434739 0.091074 0.081220
3 0.942575 0.544172 0.094298 0.150185
3 0.936228 0.708464 0.086037 0.127672
1 0.857244 0.755628 0.078380 0.029923
1 0.264961 0.851810 0.490832 0.159020
1 0.585734 0.849387 0.169655 0.157595
1 0.820673 0.849530 0.332057 0.166429
2 0.502519 0.949131 0.965948 0.051012
