1 0.110216 0.240382 0.164417 0.409518
1 0.109007 0.527786 0.164417 0.180108
1 0.105380 0.751924 0.174088 0.280707
0 0.129156 0.909376 0.198267 0.025648
2 0.506246 0.944714 0.960911 0.047877
3 0.504634 0.479766 0.618376 0.882018
1 0.856639 0.757196 0.073141 0.045027
3 0.861475 0.070248 0.084828 0.069250
3 0.946907 0.079225 0.088052 0.099174
3 0.945295 0.158022 0.093290 0.076660
3 0.938847 0.226988 0.099738 0.076660
3 0.943683 0.299801 0.086037 0.078085
3 0.945295 0.367911 0.095305 0.076375
3 0.943683 0.434739 0.088052 0.074950
3 0.942575 0.550157 0.098731 0.167854
3 0.942071 0.710031 0.095305 0.136506
