1 0.080496 0.082930 0.096514 0.085494
3 0.330748 0.104731 0.376587 0.126247
3 0.577776 0.077657 0.090066 0.096039
1 0.655753 0.090482 0.067902 0.115417
3 0.714588 0.092761 0.062664 0.098889
3 0.775640 0.093474 0.059440 0.109433
3 0.833367 0.091194 0.062462 0.111143
3 0.893814 0.092049 0.062462 0.109433
3 0.953254 0.093474 0.062462 0.118552
3 0.384243 0.358222 0.695547 0.392704
3 0.130868 0.738529 0.188797 0.388430
3 0.291457 0.737675 0.153738 0.404959
3 0.431493 0.731690 0.153738 0.390140
3 0.580999 0.730977 0.153738 0.385295
3 0.738968 0.732545 0.170663 0.388430
3 0.898046 0.735395 0.155954 0.385580
3 0.852509 0.352237 0.245013 0.380735
2 0.508866 0.944714 0.959702 0.056996
