3 0.504634 0.378455 0.955672 0.682246
3 0.107495 0.827729 0.156962 0.191793
1 0.218316 0.778142 0.062664 0.096039
3 0.282490 0.776005 0.070119 0.109433
3 0.346162 0.777429 0.065686 0.109433
3 0.409732 0.774437 0.065888 0.106298
3 0.473403 0.775862 0.067902 0.100598
3 0.537477 0.775150 0.066694 0.104873
3 0.603768 0.775150 0.069917 0.113993
3 0.603264 0.776717 0.068910 0.108008
3 0.663711 0.773725 0.066895 0.111143
3 0.734233 0.775150 0.074149 0.111143
3 0.217812 0.879453 0.070119 0.112283
3 0.283498 0.876461 0.070119 0.106298
3 0.346061 0.877173 0.067902 0.102023
3 0.411344 0.874893 0.066694 0.109433
3 0.473806 0.874181 0.064679 0.110858
3 0.534354 0.875036 0.070925 0.103448
3 0.602760 0.875748 0.065888 0.104873
3 0.668950 0.876461 0.077373 0.106298
1 0.915072 0.874181 0.138827 0.108008
2 0.506750 0.943289 0.959903 0.045027
