3 0.210860 0.167854 0.143260 0.239954
3 0.212976 0.514962 0.247028 0.463380
3 0.570421 0.500000 0.473907 0.454545
3 0.941568 0.081505 0.079387 0.088344
3 0.943683 0.155030 0.079589 0.073525
3 0.944187 0.224708 0.080596 0.074950
3 0.942575 0.295953 0.083820 0.076660
3 0.943683 0.364919 0.081604 0.082360
3 0.943180 0.441436 0.080596 0.085494
3 0.941064 0.545027 0.084828 0.139356
3 0.937840 0.710744 0.078380 0.123112
1 0.857244 0.756483 0.074350 0.034483
0 0.126637 0.762325 0.197260 0.028498
1 0.263349 0.851667 0.471086 0.153035
1 0.582611 0.848675 0.165424 0.147050
1 0.823897 0.850955 0.319162 0.154460
2 0.505742 0.946139 0.972396 0.054146
