3 0.444187 0.395697 0.633286 0.716728
0 0.122305 0.760188 0.186581 0.032773
3 0.862583 0.073953 0.089059 0.076660
3 0.944187 0.075520 0.078582 0.094614
3 0.941568 0.156455 0.087850 0.076375
3 0.940560 0.226133 0.085835 0.074950
3 0.941064 0.295241 0.084828 0.078085
3 0.938847 0.364919 0.091275 0.079510
3 0.940459 0.434739 0.094499 0.074950
3 0.940560 0.546452 0.092283 0.151325
3 0.935724 0.707609 0.089059 0.125962
1 0.854624 0.749644 0.073141 0.041892
1 0.269192 0.853235 0.480355 0.147050
1 0.582108 0.850242 0.172879 0.155885
1 0.824401 0.848675 0.328632 0.159020
2 0.509470 0.949843 0.962926 0.052437
