3 0.507354 0.385295 0.958694 0.705044
3 0.101652 0.831433 0.160185 0.196352
1 0.217711 0.873326 0.061455 0.103448
3 0.282994 0.875036 0.064679 0.103448
3 0.346061 0.869763 0.067902 0.104873
3 0.410840 0.875606 0.065686 0.108008
3 0.472799 0.874181 0.073141 0.108008
3 0.537578 0.871901 0.068910 0.106298
3 0.602760 0.872756 0.065888 0.117127
3 0.662603 0.866629 0.064679 0.123112
3 0.727786 0.863779 0.072134 0.135081
3 0.794177 0.875036 0.071126 0.103448
1 0.913460 0.875606 0.138021 0.108008
2 0.506246 0.950698 0.960911 0.056996
