3 0.328531 0.386720 0.539794 0.695925
0 0.128652 0.762468 0.197260 0.034483
3 0.856135 0.073953 0.087044 0.076660
3 0.943180 0.079225 0.082611 0.090054
3 0.942676 0.159447 0.079589 0.070390
3 0.940459 0.225420 0.090066 0.073525
3 0.943079 0.297521 0.084828 0.073525
3 0.944791 0.367199 0.085835 0.072100
3 0.941568 0.435452 0.090268 0.070675
3 0.946907 0.542747 0.096514 0.153035
3 0.939452 0.709889 0.083619 0.118552
1 0.858856 0.752779 0.071126 0.039042
1 0.266573 0.853947 0.485593 0.151325
1 0.585734 0.851810 0.167641 0.159020
1 0.821277 0.849387 0.330848 0.151325
2 0.506750 0.950556 0.965948 0.051012
