3 0.147290 0.156455 0.236550 0.223425
3 0.469071 0.155742 0.404997 0.222001
3 0.776043 0.154887 0.208946 0.226560
3 0.258110 0.374038 0.453758 0.229410
3 0.737961 0.377743 0.482571 0.222001
3 0.114346 0.593616 0.168648 0.216016
3 0.424038 0.599744 0.437840 0.219151
3 0.761838 0.595184 0.176103 0.219151
3 0.913460 0.594471 0.129559 0.211456
3 0.197058 0.814192 0.348982 0.227985
3 0.434112 0.812767 0.144066 0.216016
3 0.662100 0.817897 0.307475 0.214306
3 0.898549 0.817184 0.165424 0.210031
2 0.505138 0.944571 0.967157 0.062981
0 0.921922 0.921345 0.133589 0.028498
