1 0.146543 0.057298 0.239871 0.037628
1 0.146543 0.156214 0.241887 0.169327
1 0.146039 0.267246 0.244910 0.061288
1 0.150272 0.301026 0.247329 0.023945
1 0.147047 0.316847 0.242895 0.022520
1 0.145031 0.332526 0.249345 0.017959
1 0.149768 0.346779 0.248337 0.016249
1 0.147652 0.519384 0.248135 0.337514
1 0.145535 0.807298 0.250353 0.244584
1 0.385305 0.184721 0.239669 0.298746
1 0.386918 0.452537 0.240879 0.246009
1 0.386313 0.748860 0.244104 0.361460
1 0.626184 0.169755 0.246120 0.277366
1 0.625076 0.465365 0.241887 0.316705
1 0.624471 0.772805 0.245112 0.304447
1 0.864241 0.375285 0.240879 0.676454
1 0.863737 0.816420 0.239871 0.223489
2 0.505745 0.948404 0.964322 0.043330