3 0.505138 0.382160 0.956679 0.695925
3 0.109007 0.829866 0.164417 0.187518
1 0.216704 0.778854 0.061455 0.097464
3 0.281886 0.778997 0.068910 0.100598
3 0.347169 0.778142 0.065686 0.098889
3 0.408725 0.781989 0.067902 0.106583
3 0.473907 0.776005 0.068910 0.094614
3 0.539694 0.775150 0.073141 0.102023
3 0.220935 0.875748 0.069917 0.104873
3 0.346162 0.877173 0.065686 0.102023
3 0.411344 0.878740 0.066694 0.096039
3 0.410840 0.875748 0.065686 0.104873
3 0.473403 0.878028 0.067902 0.106583
3 0.541809 0.876461 0.075358 0.100598
1 0.911848 0.874181 0.138827 0.108008
2 0.501511 0.947563 0.963933 0.045027
