3 0.440963 0.398689 0.635301 0.714164
0 0.124421 0.761043 0.188797 0.034483
3 0.860467 0.071673 0.082813 0.072100
3 0.943180 0.079225 0.082611 0.087204
3 0.943180 0.155030 0.082611 0.076375
3 0.942172 0.227700 0.089059 0.078085
3 0.944187 0.298233 0.091074 0.074950
3 0.942071 0.367911 0.086843 0.073525
3 0.941064 0.437019 0.093290 0.079510
3 0.943683 0.547877 0.088052 0.157595
3 0.934717 0.707609 0.089059 0.135081
1 0.856740 0.754203 0.079387 0.036193
1 0.268185 0.854659 0.473907 0.149900
1 0.582611 0.852380 0.167439 0.145341
1 0.821177 0.851667 0.324602 0.155885
2 0.506750 0.948418 0.959903 0.046737
