3 0.155249 0.158735 0.260931 0.230835
3 0.362482 0.159447 0.155954 0.214591
3 0.544933 0.167712 0.200484 0.222001
3 0.764961 0.178968 0.244006 0.238245
3 0.120693 0.383015 0.189805 0.223425
3 0.278763 0.378455 0.121902 0.214306
3 0.393310 0.380023 0.126133 0.214591
3 0.517933 0.392704 0.127141 0.216016
3 0.114850 0.599601 0.178118 0.204047
3 0.273423 0.601168 0.139029 0.200912
3 0.406609 0.609433 0.129357 0.220291
3 0.520552 0.614705 0.121902 0.216016
3 0.115958 0.811200 0.186782 0.210031
3 0.276143 0.817897 0.148499 0.211456
3 0.393310 0.822457 0.102760 0.202337
3 0.511082 0.822457 0.136812 0.199487
2 0.505742 0.947563 0.955470 0.045027
