1 0.148156 0.097777 0.236646 0.130559
1 0.148760 0.182583 0.241887 0.041904
1 0.147551 0.211802 0.241887 0.031357
1 0.149768 0.232754 0.248337 0.034493
1 0.146039 0.256699 0.249345 0.025371
1 0.146644 0.274088 0.246120 0.027081
1 0.147148 0.387970 0.245112 0.204105
1 0.148156 0.706100 0.245112 0.435006
1 0.387926 0.152509 0.240879 0.240023
1 0.386918 0.424031 0.240879 0.309293
1 0.388531 0.748860 0.246120 0.346636
1 0.627696 0.147948 0.243096 0.228050
1 0.625580 0.404504 0.247329 0.294185
1 0.625580 0.733894 0.247329 0.376568
1 0.865350 0.402936 0.243096 0.747149
1 0.863737 0.848632 0.243902 0.149943
2 0.505140 0.943273 0.959081 0.045040