1 0.110719 0.241237 0.165424 0.407808
1 0.109611 0.530778 0.167641 0.176973
1 0.106992 0.752636 0.170864 0.282132
0 0.121801 0.907808 0.190006 0.034483
3 0.508866 0.463237 0.622406 0.789114
3 0.863591 0.074665 0.080596 0.068966
3 0.942676 0.080650 0.088052 0.090054
3 0.943180 0.156455 0.089059 0.076375
3 0.942071 0.226275 0.086843 0.078085
3 0.943683 0.299088 0.090066 0.079510
3 0.944187 0.368624 0.089059 0.074950
3 0.943683 0.434739 0.090066 0.084070
3 0.942676 0.541892 0.081604 0.145626
3 0.935221 0.709889 0.086037 0.133371
1 0.858352 0.764605 0.082611 0.045027
2 0.505742 0.947563 0.963933 0.045027
