3 0.150776 0.249287 0.169724 0.280787
1 0.344386 0.247007 0.185648 0.336089
3 0.158839 0.568843 0.166499 0.196408
3 0.160452 0.797748 0.161258 0.153079
3 0.611873 0.255986 0.298125 0.297035
3 0.567728 0.546465 0.123161 0.142531
3 0.574179 0.791619 0.099778 0.185861
1 0.342370 0.503563 0.185648 0.134835
1 0.347107 0.631842 0.186656 0.112600
1 0.343983 0.814139 0.180407 0.111174
1 0.873312 0.232754 0.195324 0.337799
1 0.863838 0.548603 0.229188 0.162201
1 0.876940 0.805160 0.194114 0.120011
2 0.513304 0.949116 0.973392 0.062999
