3 0.407113 0.396409 0.669152 0.691365
3 0.862583 0.074665 0.078582 0.078085
3 0.942071 0.079225 0.084828 0.087204
3 0.941064 0.155742 0.084828 0.077800
3 0.943079 0.227843 0.084828 0.074950
3 0.943683 0.298946 0.086037 0.070675
3 0.939956 0.364206 0.091074 0.071815
3 0.943180 0.435452 0.091074 0.070675
3 0.898146 0.463950 0.001007 0.001710
3 0.942071 0.545740 0.086843 0.168139
3 0.936732 0.707609 0.087044 0.125962
1 0.857244 0.752636 0.076365 0.035908
0 0.123917 0.761613 0.191819 0.029923
1 0.267681 0.853947 0.479347 0.145626
1 0.587850 0.851667 0.165424 0.162154
1 0.821680 0.850955 0.325610 0.154460
2 0.503123 0.946139 0.958694 0.045027
