1 0.110216 0.238957 0.164417 0.412368
1 0.106992 0.528498 0.164417 0.178683
1 0.111727 0.753349 0.182349 0.286406
0 0.123917 0.909376 0.196252 0.031348
2 0.504634 0.947706 0.964135 0.048162
3 0.860971 0.070248 0.077373 0.065831
3 0.506851 0.443716 0.620391 0.791679
3 0.943683 0.079225 0.086037 0.090054
3 0.943079 0.156455 0.084828 0.073525
3 0.943683 0.226988 0.088052 0.076660
3 0.943180 0.296808 0.087044 0.074950
3 0.941568 0.367199 0.085835 0.072100
3 0.944288 0.433314 0.084828 0.084070
3 0.942676 0.545597 0.090066 0.153035
3 0.939452 0.713024 0.094499 0.130522
1 0.856740 0.756483 0.081805 0.049302
