3 0.138727 0.161727 0.232319 0.212881
3 0.305259 0.170846 0.102760 0.233970
3 0.439956 0.161015 0.168648 0.220576
3 0.632984 0.167712 0.210961 0.222001
3 0.843441 0.154175 0.218416 0.216016
3 0.134596 0.377030 0.213178 0.202337
3 0.311102 0.380735 0.133790 0.204047
3 0.471691 0.383728 0.181342 0.215731
3 0.641447 0.389000 0.153738 0.214306
3 0.147189 0.598889 0.240782 0.214591
3 0.323292 0.603448 0.119887 0.211741
3 0.482873 0.602736 0.195245 0.204047
3 0.645678 0.607865 0.119887 0.211456
3 0.133488 0.817184 0.215394 0.198062
3 0.314830 0.820177 0.138827 0.197777
3 0.478642 0.817897 0.184364 0.190368
3 0.650413 0.821744 0.152730 0.198062
3 0.808382 0.817184 0.169655 0.191793
2 0.507757 0.944571 0.972396 0.051012
