3 0.211465 0.170704 0.140036 0.242804
3 0.168447 0.515674 0.270401 0.435167
3 0.585231 0.493160 0.499496 0.473924
3 0.860467 0.073953 0.084828 0.079510
3 0.940963 0.076945 0.080596 0.085494
3 0.942071 0.155742 0.078380 0.074950
3 0.944187 0.227700 0.082611 0.078085
3 0.943180 0.296096 0.080596 0.073525
3 0.945799 0.364919 0.081805 0.076660
3 0.942172 0.434739 0.080596 0.074950
3 0.944187 0.538188 0.080596 0.146765
0 0.127645 0.762468 0.199275 0.034483
1 0.856236 0.753491 0.076365 0.037618
3 0.934112 0.709176 0.090268 0.119977
1 0.263853 0.848675 0.484586 0.149900
1 0.584223 0.846395 0.162200 0.151610
1 0.825912 0.850242 0.317147 0.153035
2 0.502519 0.945426 0.965948 0.058421
