3 0.332359 0.398689 0.561958 0.719863
0 0.121801 0.760188 0.187588 0.027073
1 0.267076 0.850100 0.484586 0.159020
1 0.585734 0.848675 0.163208 0.161869
1 0.823897 0.850242 0.327624 0.162154
3 0.935221 0.707751 0.088052 0.117127
1 0.857848 0.753491 0.079589 0.037618
2 0.504634 0.946281 0.972597 0.051012
3 0.863087 0.073953 0.077574 0.067541
3 0.942575 0.079225 0.083820 0.092904
3 0.943180 0.156597 0.087044 0.079510
3 0.941568 0.229268 0.092283 0.074950
3 0.940459 0.298233 0.094499 0.077800
3 0.941568 0.366486 0.092283 0.076375
3 0.938948 0.435452 0.089059 0.073525
3 0.939956 0.542747 0.089059 0.155885
