3 0.112231 0.149615 0.155954 0.227985
3 0.241588 0.145911 0.109208 0.220576
3 0.433609 0.147478 0.285311 0.217441
3 0.631876 0.143773 0.111223 0.222001
3 0.834979 0.147478 0.286520 0.223710
3 0.169454 0.370191 0.278864 0.225135
3 0.455873 0.373183 0.306468 0.224850
3 0.679025 0.363494 0.146282 0.217441
3 0.855632 0.368766 0.215394 0.218866
3 0.290953 0.585494 0.519444 0.220291
3 0.651018 0.587632 0.213178 0.218866
3 0.869434 0.569678 0.223655 0.156170
3 0.204010 0.810345 0.339512 0.217441
3 0.631372 0.805928 0.500705 0.223425
2 0.502519 0.944001 0.970381 0.055571
0 0.924139 0.916215 0.133589 0.033058
