3 0.447310 0.397264 0.616160 0.624109
0 0.128652 0.760901 0.199275 0.031348
0 0.857244 0.070960 0.084828 0.070675
3 0.943180 0.077800 0.080596 0.090054
3 0.942676 0.156455 0.081604 0.076375
3 0.943683 0.225563 0.081604 0.070390
3 0.941064 0.294528 0.086843 0.079510
3 0.944187 0.365774 0.089059 0.074950
3 0.940963 0.439156 0.089059 0.068966
3 0.942071 0.550157 0.084828 0.165004
3 0.936833 0.710744 0.091275 0.125962
1 0.857747 0.756483 0.077373 0.031633
1 0.269192 0.853235 0.480355 0.147050
1 0.586843 0.849387 0.163409 0.151325
1 0.819666 0.849530 0.325610 0.154460
2 0.504131 0.946993 0.967157 0.049587
