0 0.182440 0.237606 0.291334 0.367191
1 0.183580 0.437727 0.263968 0.041919
3 0.412058 0.151955 0.165621 0.222491
3 0.569413 0.158404 0.165621 0.220879
3 0.410348 0.372834 0.166762 0.210399
3 0.571123 0.372027 0.166762 0.217654
3 0.187714 0.695889 0.295610 0.435711
3 0.410490 0.586860 0.168757 0.224103
3 0.574259 0.583837 0.169042 0.218057
1 0.407925 0.799678 0.172178 0.225715
3 0.572691 0.795244 0.169897 0.225715
3 0.813284 0.478839 0.330673 0.867392
0 0.910918 0.879484 0.112030 0.017735
2 0.507697 0.945990 0.971494 0.052398
