0 0.254276 0.163644 0.424173 0.234583
0 0.527223 0.060863 0.053877 0.019347
3 0.578392 0.179363 0.158495 0.229746
3 0.737315 0.181580 0.159350 0.234180
3 0.889396 0.176542 0.163626 0.229746
0 0.095781 0.293632 0.092930 0.031036
3 0.510832 0.442160 0.249145 0.245062
3 0.349772 0.643692 0.661916 0.555421
3 0.890393 0.397420 0.161631 0.224103
0 0.812714 0.580210 0.314709 0.139057
0 0.826539 0.711608 0.283067 0.088271
0 0.719356 0.759371 0.021950 0.010480
1 0.771095 0.830310 0.146522 0.128174
0 0.862457 0.761588 0.016819 0.011689
1 0.902366 0.826078 0.112030 0.104393
0 0.924173 0.893793 0.049601 0.025393
2 0.506129 0.945990 0.972349 0.073358
