0 0.125570 0.130189 0.166762 0.173317
3 0.302309 0.129383 0.170182 0.183797
3 0.469641 0.130996 0.175314 0.183797
3 0.609607 0.136034 0.104618 0.176139
3 0.711944 0.133011 0.102338 0.191052
3 0.808153 0.134623 0.106613 0.182185
3 0.426881 0.304716 0.264823 0.178960
3 0.658637 0.306328 0.213512 0.178960
3 0.861317 0.306933 0.211231 0.177751
3 0.127566 0.478638 0.194128 0.174526
3 0.315422 0.478638 0.190137 0.177751
3 0.502423 0.478033 0.190137 0.182185
3 0.865023 0.478638 0.210091 0.183394
3 0.126995 0.651955 0.195268 0.183394
3 0.315422 0.651149 0.196408 0.179363
3 0.317132 0.826481 0.195268 0.183394
3 0.500285 0.739218 0.189852 0.352277
3 0.708808 0.646715 0.228905 0.167271
1 0.663911 0.820637 0.149943 0.174929
3 0.895810 0.649738 0.146807 0.185409
2 0.508694 0.945183 0.971209 0.050786
3 0.896380 0.824264 0.146807 0.185409
3 0.168044 0.302701 0.263113 0.176542
3 0.125855 0.821241 0.194128 0.172108
