0 0.066847 0.051794 0.056157 0.025393
1 0.152366 0.318218 0.182725 0.468763
0 0.168187 0.594518 0.214367 0.080613
1 0.157212 0.728134 0.211231 0.156792
0 0.319128 0.054010 0.081243 0.029827
0 0.949544 0.055421 0.045610 0.035873
3 0.622292 0.324869 0.568985 0.482064
0 0.298746 0.579403 0.035918 0.023781
3 0.440707 0.761588 0.328392 0.331721
0 0.629561 0.578799 0.053877 0.019347
3 0.738312 0.762394 0.269099 0.323660
0 0.952680 0.578799 0.039339 0.031439
1 0.916762 0.625151 0.094071 0.061266
1 0.912486 0.683998 0.098062 0.038694
1 0.915194 0.722894 0.099487 0.044740
1 0.915194 0.790004 0.099487 0.089480
1 0.915194 0.866788 0.099487 0.058444
1 0.914054 0.907295 0.094926 0.010480
2 0.504989 0.945990 0.959806 0.061266
