0 0.501411 0.048176 0.893167 0.019384
0 0.177888 0.066277 0.254586 0.022520
0 0.198045 0.148803 0.284418 0.145382
0 0.202177 0.247719 0.040314 0.016534
0 0.200665 0.294327 0.285225 0.082383
1 0.205906 0.394812 0.272727 0.115735
1 0.204797 0.510262 0.285426 0.103763
0 0.195827 0.589937 0.061480 0.022520
0 0.200161 0.740593 0.288651 0.273090
0 0.502016 0.064709 0.047773 0.016534
0 0.492340 0.116591 0.289659 0.068985
1 0.498791 0.228905 0.296110 0.147092
1 0.497682 0.366306 0.268494 0.124287
0 0.490828 0.460804 0.284217 0.058438
3 0.495565 0.570268 0.298125 0.172463
3 0.406974 0.723347 0.120943 0.133694
3 0.553921 0.727765 0.170933 0.142531
3 0.409595 0.841078 0.083854 0.086944
3 0.506249 0.833666 0.096553 0.084094
3 0.600685 0.840365 0.060472 0.082668
1 0.793691 0.088797 0.304576 0.079532
3 0.798428 0.505844 0.299133 0.754561
2 0.503528 0.942417 0.961097 0.043330
