0 0.526406 0.058723 0.153800 0.019384
1 0.164281 0.368586 0.241887 0.600342
1 0.345999 0.367873 0.123967 0.604618
1 0.161963 0.786345 0.244104 0.235747
3 0.343882 0.787201 0.122153 0.243158
1 0.579923 0.267246 0.341463 0.367446
1 0.577807 0.634835 0.343681 0.370582
1 0.589498 0.864453 0.373513 0.088655
1 0.865249 0.860604 0.180407 0.090080
0 0.850937 0.088084 0.211046 0.045040
3 0.852651 0.215507 0.210038 0.204105
1 0.852046 0.406784 0.208829 0.169327
3 0.853155 0.587514 0.209030 0.192132
1 0.851542 0.751853 0.212256 0.136545
2 0.503024 0.947548 0.960089 0.045040