0 0.106229 0.103620 0.168514 0.136545
3 0.106833 0.207241 0.112477 0.073546
0 0.106229 0.274658 0.154001 0.103478
0 0.106733 0.364738 0.167507 0.082383
3 0.105725 0.458523 0.148559 0.105188
0 0.103608 0.530644 0.131425 0.041904
0 0.101391 0.582383 0.169724 0.082668
3 0.106733 0.657355 0.155009 0.085519
3 0.110462 0.737600 0.156017 0.084094
1 0.110462 0.811859 0.081838 0.058723
0 0.113687 0.874857 0.149567 0.064424
0 0.265370 0.095496 0.155815 0.059863
3 0.266378 0.222206 0.153800 0.208381
0 0.267486 0.363312 0.158033 0.076682
3 0.264866 0.473489 0.159242 0.149943
3 0.262246 0.583096 0.166499 0.086944
1 0.266378 0.706813 0.153800 0.148518
3 0.266378 0.856899 0.153800 0.148803
0 0.424511 0.107469 0.156017 0.075257
1 0.423906 0.169755 0.152792 0.070410
0 0.424511 0.214082 0.149567 0.033067
1 0.425015 0.291334 0.157025 0.130559
0 0.421286 0.368586 0.143116 0.045040
1 0.427636 0.463797 0.153800 0.163626
0 0.427736 0.610034 0.156017 0.137970
1 0.426124 0.759407 0.169724 0.166477
0 0.581536 0.102908 0.160048 0.125998
3 0.582645 0.187001 0.113485 0.047891
0 0.579419 0.279219 0.162266 0.139396
3 0.584660 0.378991 0.147349 0.065849
0 0.584156 0.421893 0.152792 0.028506
3 0.584156 0.467503 0.154807 0.068985
0 0.585265 0.535775 0.148559 0.076682
3 0.585769 0.616021 0.158033 0.080958
0 0.585769 0.684436 0.164483 0.061574
3 0.587886 0.811859 0.162266 0.196693
0 0.740677 0.099202 0.155815 0.073546
3 0.745414 0.160775 0.135860 0.055302
0 0.742189 0.213940 0.154807 0.053877
3 0.746019 0.327252 0.164483 0.184721
2 0.508466 0.949116 0.960895 0.055587
0 0.901834 0.176881 0.162467 0.288198
