0 0.210744 0.085661 0.261036 0.046465
0 0.883290 0.082811 0.104011 0.043615
0 0.211248 0.245439 0.285426 0.275941
1 0.209635 0.422605 0.271719 0.072121
1 0.206511 0.506556 0.271518 0.083808
1 0.203286 0.607896 0.256601 0.124572
1 0.202278 0.724202 0.263052 0.108039
0 0.145535 0.799031 0.132635 0.045040
0 0.491836 0.174316 0.282201 0.127423
3 0.496069 0.360319 0.288651 0.226340
3 0.498287 0.627993 0.299133 0.309008
3 0.501411 0.835091 0.286434 0.105188
3 0.786837 0.215507 0.292884 0.189282
0 0.796412 0.341505 0.299133 0.057013
1 0.794699 0.473632 0.272727 0.210091
1 0.799032 0.616163 0.287442 0.084094
0 0.793691 0.776653 0.298125 0.231186
2 0.503024 0.946123 0.962104 0.045040
