2 0.503528 0.948404 0.961097 0.043330
3 0.108345 0.138255 0.158234 0.214367
3 0.266378 0.161488 0.160250 0.269954
3 0.102499 0.335519 0.150574 0.185861
3 0.107841 0.554590 0.163274 0.246009
3 0.105725 0.763826 0.165491 0.169612
3 0.264866 0.373005 0.161258 0.162201
3 0.266479 0.848632 0.166499 0.075257
1 0.248841 0.902651 0.093328 0.036203
3 0.426124 0.151796 0.163274 0.238597
1 0.424511 0.550029 0.162467 0.566990
0 0.426023 0.880844 0.165491 0.085519
3 0.584660 0.162913 0.151784 0.234036
3 0.581435 0.335519 0.153800 0.111174
3 0.580931 0.474344 0.146341 0.172748
3 0.583652 0.595068 0.155815 0.081243
3 0.585769 0.691847 0.151582 0.115735
3 0.585164 0.787771 0.152792 0.079532
3 0.585769 0.879418 0.162467 0.097491
3 0.748639 0.112742 0.159242 0.133694
3 0.745918 0.226055 0.160250 0.099202
1 0.747027 0.301739 0.156017 0.070410
3 0.744910 0.408352 0.158234 0.136545
3 0.746019 0.562856 0.158033 0.169612
0 0.902439 0.066990 0.165692 0.057013
1 0.902439 0.141249 0.163274 0.094356
0 0.908789 0.211089 0.165491 0.051026
3 0.905664 0.331813 0.169724 0.190422
3 0.908184 0.506556 0.168716 0.152794
3 0.267688 0.628848 0.163274 0.364880
