3 0.107337 0.141961 0.162266 0.216078
3 0.107841 0.332526 0.159242 0.195268
3 0.107337 0.626568 0.151784 0.401938
3 0.266882 0.179590 0.161258 0.261117
3 0.265370 0.383552 0.162266 0.141106
3 0.266479 0.760120 0.166499 0.231186
1 0.264866 0.900371 0.161258 0.049316
3 0.424511 0.153221 0.158033 0.229475
1 0.426628 0.550171 0.164281 0.570125
0 0.425015 0.875570 0.167507 0.086944
3 0.580528 0.165194 0.158033 0.247719
3 0.582040 0.334664 0.148559 0.097491
3 0.570853 0.469783 0.132635 0.166477
3 0.574179 0.590650 0.136868 0.078107
3 0.582645 0.688141 0.145334 0.125998
3 0.587382 0.796893 0.154807 0.103478
3 0.590002 0.887685 0.154001 0.080958
3 0.742290 0.109749 0.165491 0.133409
3 0.743298 0.250143 0.155009 0.177024
3 0.743902 0.406072 0.162266 0.138255
3 0.741181 0.558295 0.156823 0.148518
0 0.899315 0.058010 0.171941 0.048176
1 0.904052 0.136830 0.160048 0.109464
0 0.902943 0.220781 0.170732 0.067560
3 0.904556 0.343786 0.159041 0.172748
3 0.909393 0.499857 0.153800 0.145667
2 0.501411 0.944555 0.963314 0.051026
3 0.265773 0.549886 0.160250 0.185291
