0 0.491332 0.064709 0.153800 0.025656
0 0.409595 0.088797 0.262044 0.022520
1 0.183128 0.159208 0.261036 0.115450
3 0.183128 0.294327 0.261036 0.148518
1 0.182121 0.469071 0.269502 0.207241
3 0.183128 0.640821 0.259020 0.130559
1 0.182121 0.810291 0.263052 0.205530
0 0.525801 0.114168 0.424310 0.022520
3 0.526305 0.169042 0.425317 0.090080
0 0.390042 0.278506 0.152792 0.135120
1 0.540113 0.239453 0.134852 0.054162
1 0.539609 0.291334 0.137875 0.049601
1 0.537996 0.369299 0.139085 0.100627
1 0.538601 0.456243 0.135860 0.070410
0 0.540718 0.497577 0.133642 0.024230
0 0.674259 0.245439 0.112477 0.057013
1 0.671135 0.309293 0.131627 0.070696
3 0.672747 0.427879 0.128402 0.166477
0 0.526406 0.520097 0.130417 0.020810
3 0.449909 0.582383 0.196331 0.082668
0 0.643519 0.610034 0.190889 0.023945
0 0.392663 0.688141 0.158033 0.116876
1 0.542229 0.649088 0.130619 0.047891
1 0.673856 0.651368 0.141101 0.058723
1 0.536989 0.711231 0.143116 0.085519
1 0.671135 0.712942 0.133642 0.076397
0 0.527918 0.822406 0.424511 0.163626
0 0.848821 0.092503 0.077404 0.020810
0 0.829772 0.118729 0.170732 0.040764
3 0.841463 0.194413 0.196130 0.114025
0 0.840355 0.269527 0.213263 0.051026
0 0.841463 0.441277 0.217496 0.301596
0 0.846200 0.627423 0.208023 0.073546
0 0.845092 0.745011 0.205805 0.165051
0 0.839851 0.868158 0.212256 0.089795
2 0.506753 0.946978 0.969563 0.049601
