0 0.110462 0.127708 0.164483 0.187571
1 0.109958 0.238027 0.163475 0.042189
1 0.107841 0.340792 0.161258 0.148518
0 0.107841 0.479475 0.161258 0.125998
1 0.108345 0.616876 0.164281 0.157355
1 0.106229 0.763826 0.160048 0.139396
0 0.108345 0.878563 0.155815 0.090080
1 0.266882 0.140536 0.161258 0.149943
1 0.266982 0.287486 0.163475 0.143957
0 0.268494 0.383552 0.164483 0.053877
1 0.264765 0.453962 0.157025 0.096066
1 0.267486 0.542474 0.156017 0.080958
0 0.267486 0.616876 0.160048 0.070696
1 0.268595 0.722634 0.160250 0.137970
0 0.262749 0.852338 0.173957 0.133409
1 0.422899 0.164481 0.152792 0.209806
0 0.426628 0.322691 0.160250 0.118586
3 0.585769 0.625855 0.162467 0.589795
3 0.746019 0.102338 0.158033 0.142531
3 0.742794 0.473632 0.147551 0.186146
1 0.903447 0.122434 0.161258 0.179875
0 0.900826 0.244014 0.172949 0.075257
3 0.901834 0.377566 0.164483 0.210091
3 0.902439 0.813426 0.163274 0.226625
2 0.503528 0.945410 0.959081 0.046465