1 0.116307 0.481756 0.150776 0.874572
1 0.274340 0.377566 0.167708 0.666192
1 0.441443 0.204960 0.164483 0.330103
1 0.636162 0.118729 0.222939 0.148518
1 0.589397 0.230473 0.129409 0.084094
1 0.586374 0.297320 0.120943 0.043330
1 0.590002 0.339367 0.122153 0.043615
1 0.854666 0.117303 0.150776 0.145667
1 0.853054 0.255986 0.149567 0.135120
1 0.854666 0.345211 0.154807 0.049601
3 0.421790 0.434578 0.133642 0.141106
3 0.548579 0.436003 0.121951 0.141106
3 0.672747 0.436716 0.126386 0.142531
3 0.419170 0.577109 0.128402 0.143957
3 0.546059 0.577822 0.129409 0.145382
3 0.674864 0.576397 0.128200 0.142531
3 0.417557 0.719498 0.131627 0.135120
3 0.549688 0.717360 0.139085 0.136545
3 0.417154 0.854618 0.136868 0.140821
3 0.545958 0.854618 0.125176 0.137970
3 0.678089 0.853193 0.132635 0.137970
3 0.856279 0.484749 0.240677 0.259692
0 0.857892 0.760832 0.169724 0.265678
2 0.505644 0.949259 0.965330 0.057013
