0 0.101551 0.049159 0.089059 0.039042
0 0.182752 0.095754 0.075358 0.023938
0 0.270099 0.211171 0.250453 0.213166
0 0.167842 0.318467 0.066895 0.022514
0 0.266573 0.435452 0.255491 0.223425
0 0.184868 0.551012 0.094499 0.019664
0 0.268688 0.615417 0.251259 0.124537
0 0.184364 0.686663 0.080596 0.015104
0 0.262845 0.767598 0.244006 0.153035
0 0.448922 0.095754 0.087850 0.018239
0 0.528511 0.260758 0.253476 0.308920
0 0.429881 0.426475 0.058231 0.022514
0 0.524683 0.641066 0.241789 0.409518
0 0.774532 0.182816 0.215192 0.186093
2 0.505138 0.946851 0.970381 0.055571
