1 0.146182 0.126532 0.182349 0.163579
1 0.118577 0.259903 0.125126 0.073525
0 0.146685 0.321459 0.174894 0.052437
0 0.157264 0.395697 0.177111 0.053861
0 0.163611 0.667997 0.187790 0.499288
0 0.350897 0.278712 0.182349 0.467940
0 0.352408 0.708464 0.187790 0.397264
0 0.536369 0.194072 0.176103 0.301510
0 0.541709 0.628242 0.188797 0.573098
0 0.736349 0.114420 0.183558 0.145626
0 0.727282 0.262895 0.165424 0.136506
0 0.734233 0.368624 0.179327 0.074950
0 0.745819 0.681391 0.202498 0.280422
2 0.503526 0.940866 0.958694 0.058421
