0 0.122657 0.132269 0.173957 0.172748
3 0.298327 0.130701 0.172949 0.181585
3 0.472284 0.132982 0.172949 0.179875
3 0.607539 0.133837 0.106027 0.181585
3 0.711550 0.130701 0.104011 0.184436
3 0.812336 0.131414 0.104011 0.183010
3 0.430357 0.307868 0.267285 0.178449
3 0.661560 0.306300 0.208023 0.178734
3 0.860512 0.304732 0.202782 0.175599
3 0.130115 0.478050 0.190889 0.180160
3 0.316267 0.478763 0.189881 0.181585
3 0.498186 0.478050 0.190889 0.183010
3 0.865249 0.480331 0.212256 0.178449
3 0.126386 0.654361 0.194316 0.172463
3 0.314150 0.651368 0.192098 0.175599
3 0.314755 0.822406 0.188873 0.178449
3 0.501915 0.740593 0.191897 0.354048
3 0.707821 0.736174 0.234429 0.350912
3 0.894477 0.652794 0.147349 0.175599
2 0.506753 0.941705 0.959081 0.053877
3 0.164987 0.305160 0.265471 0.180445
3 0.673957 0.477623 0.170329 0.174173
3 0.126386 0.824544 0.190284 0.164481
3 0.895082 0.820553 0.137674 0.163341
